0,BB00
1,BB01
2,BB02
3,BB03
4,BB04
5,BB05
6,BB06
7,BB07
8,BB08
9,BB09
10,BB0A
11,BB0B
12,BB0C
13,BB0D
14,BB0E
15,BB0F
16,5555
17,5555
18,5555
19,5555
20,5555
21,5555
22,5555
23,5555
24,5555
25,5555
26,5555
27,5555
28,5555
29,5555
30,5555
31,5555
32,5555
33,5555
34,5555
35,5555
36,5555
37,5555
38,5555
39,5555
40,5555
41,5555
42,5555
43,5555
44,5555
45,5555
46,5555
47,5555
48,5555
49,5555
50,5555
51,5555
52,5555
53,5555
54,5555
55,5555
56,5555
57,5555
58,5555
59,5555
60,5555
61,5555
62,5555
63,5555
64,5555
65,5555
66,5555
67,5555
68,5555
69,5555
70,5555
71,5555
72,5555
73,5555
74,5555
75,5555
76,5555
77,5555
78,5555
79,5555
80,5555
81,5555
82,5555
83,5555
84,5555
85,5555
86,5555
87,5555
88,5555
89,5555
90,5555
91,5555
92,5555
93,5555
94,5555
95,5555
96,5555
97,5555
98,5555
99,5555
100,5555
101,5555
102,5555
103,5555
104,5555
105,5555
106,5555
107,5555
108,5555
109,5555
110,5555
111,5555
112,5555
113,5555
114,5555
115,5555
116,5555
117,5555
118,5555
119,5555
120,5555
121,5555
122,5555
123,5555
124,5555
125,5555
126,5555
127,5555
128,5555
129,5555
130,5555
131,5555
132,5555
133,5555
134,5555
135,5555
136,5555
137,5555
138,5555
139,5555
140,5555
141,5555
142,5555
143,5555
144,5555
145,5555
146,5555
147,5555
148,5555
149,5555
150,5555
151,5555
152,5555
153,5555
154,5555
155,5555
156,5555
157,5555
158,5555
159,5555
160,5555
161,5555
162,5555
163,5555
164,5555
165,5555
166,5555
167,5555
168,5555
169,5555
170,5555
171,5555
172,5555
173,5555
174,5555
175,5555
176,5555
177,5555
178,5555
179,5555
180,5555
181,5555
182,5555
183,5555
184,5555
185,5555
186,5555
187,5555
188,5555
189,5555
190,5555
191,5555
192,5555
193,5555
194,5555
195,5555
196,5555
197,5555
198,5555
199,5555
200,5555
201,5555
202,5555
203,5555
204,5555
205,5555
206,5555
207,5555
208,5555
209,5555
210,5555
211,5555
212,5555
213,5555
214,5555
215,5555
216,5555
217,5555
218,5555
219,5555
220,5555
221,5555
222,5555
223,5555
224,5555
225,5555
226,5555
227,5555
228,5555
229,5555
230,5555
231,5555
232,5555
233,5555
234,5555
235,5555
236,5555
237,5555
238,5555
239,5555
240,5555
241,5555
242,5555
243,5555
244,5555
245,5555
246,5555
247,5555
248,5555
249,5555
250,5555
251,5555
252,5555
253,5555
254,5555
255,5555
256,5555
257,5555
258,5555
259,5555
260,5555
261,5555
262,5555
263,5555
264,5555
265,5555
266,5555
267,5555
268,5555
269,5555
270,5555
271,5555
272,5555
273,5555
274,5555
275,5555
276,5555
277,5555
278,5555
279,5555
280,5555
281,5555
282,5555
283,5555
284,5555
285,5555
286,5555
287,5555
288,5555
289,5555
290,5555
291,5555
292,5555
293,5555
294,5555
295,5555
296,5555
297,5555
298,5555
299,5555
300,5555
301,5555
302,5555
303,5555
304,5555
305,5555
306,5555
307,5555
308,5555
309,5555
310,5555
311,5555
312,5555
313,5555
314,5555
315,5555
316,5555
317,5555
318,5555
319,5555
320,5555
321,5555
322,5555
323,5555
324,5555
325,5555
326,5555
327,5555
328,5555
329,5555
330,5555
331,5555
332,5555
333,5555
334,5555
335,5555
336,5555
337,5555
338,5555
339,5555
340,5555
341,5555
342,5555
343,5555
344,5555
345,5555
346,5555
347,5555
348,5555
349,5555
350,5555
351,5555
352,5555
353,5555
354,5555
355,5555
356,5555
357,5555
358,5555
359,5555
360,5555
361,5555
362,5555
363,5555
364,5555
365,5555
366,5555
367,5555
368,5555
369,5555
370,5555
371,5555
372,5555
373,5555
374,5555
375,5555
376,5555
377,5555
378,5555
379,5555
380,5555
381,5555
382,5555
383,5555
384,5555
385,5555
386,5555
387,5555
388,5555
389,5555
390,5555
391,5555
392,5555
393,5555
394,5555
395,5555
396,5555
397,5555
398,5555
399,5555
400,5555
401,5555
402,5555
403,5555
404,5555
405,5555
406,5555
407,5555
408,5555
409,5555
410,5555
411,5555
412,5555
413,5555
414,5555
415,5555
416,5555
417,5555
418,5555
419,5555
420,5555
421,5555
422,5555
423,5555
424,5555
425,5555
426,5555
427,5555
428,5555
429,5555
430,5555
431,5555
432,5555
433,5555
434,5555
435,5555
436,5555
437,5555
438,5555
439,5555
440,5555
441,5555
442,5555
443,5555
444,5555
445,5555
446,5555
447,5555
448,5555
449,5555
450,5555
451,5555
452,5555
453,5555
454,5555
455,5555
456,5555
457,5555
458,5555
459,5555
460,5555
461,5555
462,5555
463,5555
464,5555
465,5555
466,5555
467,5555
468,5555
469,5555
470,5555
471,5555
472,5555
473,5555
474,5555
475,5555
476,5555
477,5555
478,5555
479,5555
480,5555
481,5555
482,5555
483,5555
484,5555
485,5555
486,5555
487,5555
488,5555
489,5555
490,5555
491,5555
492,5555
493,5555
494,5555
495,5555
496,5555
497,5555
498,5555
499,5555
500,5555
501,5555
502,5555
503,5555
504,5555
505,5555
506,5555
507,5555
508,5555
509,5555
510,5555
511,5555
512,5555
513,5555
514,5555
515,5555
516,5555
517,5555
518,5555
519,5555
520,5555
521,5555
522,5555
523,5555
524,5555
525,5555
526,5555
527,5555
528,5555
529,5555
530,5555
531,5555
532,5555
533,5555
534,5555
535,5555
536,5555
537,5555
538,5555
539,5555
540,5555
541,5555
542,5555
543,5555
544,5555
545,5555
546,5555
547,5555
548,5555
549,5555
550,5555
551,5555
552,5555
553,5555
554,5555
555,5555
556,5555
557,5555
558,5555
559,5555
560,5555
561,5555
562,5555
563,5555
564,5555
565,5555
566,5555
567,5555
568,5555
569,5555
570,5555
571,5555
572,5555
573,5555
574,5555
575,5555
576,5555
577,5555
578,5555
579,5555
580,5555
581,5555
582,5555
583,5555
584,5555
585,5555
586,5555
587,5555
588,5555
589,5555
590,5555
591,5555
592,5555
593,5555
594,5555
595,5555
596,5555
597,5555
598,5555
599,5555
600,5555
601,5555
602,5555
603,5555
604,5555
605,5555
606,5555
607,5555
608,5555
609,5555
610,5555
611,5555
612,5555
613,5555
614,5555
615,5555
616,5555
617,5555
618,5555
619,5555
620,5555
621,5555
622,5555
623,5555
624,5555
625,5555
626,5555
627,5555
628,5555
629,5555
630,5555
631,5555
632,5555
633,5555
634,5555
635,5555
636,5555
637,5555
638,5555
639,5555
640,5555
641,5555
642,5555
643,5555
644,5555
645,5555
646,5555
647,5555
648,5555
649,5555
650,5555
651,5555
652,5555
653,5555
654,5555
655,5555
656,5555
657,5555
658,5555
659,5555
660,5555
661,5555
662,5555
663,5555
664,5555
665,5555
666,5555
667,5555
668,5555
669,5555
670,5555
671,5555
672,5555
673,5555
674,5555
675,5555
676,5555
677,5555
678,5555
679,5555
680,5555
681,5555
682,5555
683,5555
684,5555
685,5555
686,5555
687,5555
688,5555
689,5555
690,5555
691,5555
692,5555
693,5555
694,5555
695,5555
696,5555
697,5555
698,5555
699,5555
700,5555
701,5555
702,5555
703,5555
704,5555
705,5555
706,5555
707,5555
708,5555
709,5555
710,5555
711,5555
712,5555
713,5555
714,5555
715,5555
716,5555
717,5555
718,5555
719,5555
720,5555
721,5555
722,5555
723,5555
724,5555
725,5555
726,5555
727,5555
728,5555
729,5555
730,5555
731,5555
732,5555
733,5555
734,5555
735,5555
736,5555
737,5555
738,5555
739,5555
740,5555
741,5555
742,5555
743,5555
744,5555
745,5555
746,5555
747,5555
748,5555
749,5555
750,5555
751,5555
752,5555
753,5555
754,5555
755,5555
756,5555
757,5555
758,5555
759,5555
760,5555
761,5555
762,5555
763,5555
764,5555
765,5555
766,5555
767,5555
768,5555
769,5555
770,5555
771,5555
772,5555
773,5555
774,5555
775,5555
776,5555
777,5555
778,5555
779,5555
780,5555
781,5555
782,5555
783,5555
784,5555
785,5555
786,5555
787,5555
788,5555
789,5555
790,5555
791,5555
792,5555
793,5555
794,5555
795,5555
796,5555
797,5555
798,5555
799,5555
800,5555
801,5555
802,5555
803,5555
804,5555
805,5555
806,5555
807,5555
808,5555
809,5555
810,5555
811,5555
812,5555
813,5555
814,5555
815,5555
816,5555
817,5555
818,5555
819,5555
820,5555
821,5555
822,5555
823,5555
824,5555
825,5555
826,5555
827,5555
828,5555
829,5555
830,5555
831,5555
832,5555
833,5555
834,5555
835,5555
836,5555
837,5555
838,5555
839,5555
840,5555
841,5555
842,5555
843,5555
844,5555
845,5555
846,5555
847,5555
848,5555
849,5555
850,5555
851,5555
852,5555
853,5555
854,5555
855,5555
856,5555
857,5555
858,5555
859,5555
860,5555
861,5555
862,5555
863,5555
864,5555
865,5555
866,5555
867,5555
868,5555
869,5555
870,5555
871,5555
872,5555
873,5555
874,5555
875,5555
876,5555
877,5555
878,5555
879,5555
880,5555
881,5555
882,5555
883,5555
884,5555
885,5555
886,5555
887,5555
888,5555
889,5555
890,5555
891,5555
892,5555
893,5555
894,5555
895,5555
896,5555
897,5555
898,5555
899,5555
900,5555
901,5555
902,5555
903,5555
904,5555
905,5555
906,5555
907,5555
908,5555
909,5555
910,5555
911,5555
912,5555
913,5555
914,5555
915,5555
916,5555
917,5555
918,5555
919,5555
920,5555
921,5555
922,5555
923,5555
924,5555
925,5555
926,5555
927,5555
928,5555
929,5555
930,5555
931,5555
932,5555
933,5555
934,5555
935,5555
936,5555
937,5555
938,5555
939,5555
940,5555
941,5555
942,5555
943,5555
944,5555
945,5555
946,5555
947,5555
948,5555
949,5555
950,5555
951,5555
952,5555
953,5555
954,5555
955,5555
956,5555
957,5555
958,5555
959,5555
960,5555
961,5555
962,5555
963,5555
964,5555
965,5555
966,5555
967,5555
968,5555
969,5555
970,5555
971,5555
972,5555
973,5555
974,5555
975,5555
976,5555
977,5555
978,5555
979,5555
980,5555
981,5555
982,5555
983,5555
984,5555
985,5555
986,5555
987,5555
988,5555
989,5555
990,5555
991,5555
992,5555
993,5555
994,5555
995,5555
996,5555
997,5555
998,5555
999,5555
1000,5555
1001,5555
1002,5555
1003,5555
1004,5555
1005,5555
1006,5555
1007,5555
1008,5555
1009,5555
1010,5555
1011,5555
1012,5555
1013,5555
1014,5555
1015,5555
1016,5555
1017,5555
1018,5555
1019,5555
1020,5555
1021,5555
1022,5555
1023,5555
